
strategic_region={
	id=17
	name="Naddnipryanshchyna"
	provinces={
		15 79 92 97 103 107 109 118 169 170 231 235 345 370 378 388 490 557 564 577 609 807 814 823 873 1001 1011 1055 1056 1080 1180 1242 1250 1256 1304 1340 1402 1413 1415 1418 1461 1480 1537 1660 1749 1754 1775 1817 1831 1874 1889 1971 2055 2140 2184 2222 2314 2323 2357 2369 2401 2444 2585 2662 2674 2697 2716 2718 2753 2759 2797 2948 3028 3070 3105 3117 3150 3151 3221 3247 3353 3470 3513 3514 3669 3690 3712 3738 3740 3830 3853 3884 3889 3943 3963 4018 4038 4163 4182 4231 4282 4297 4345 4368 4461 4485 4517 4584 4596 4710 4717 4836 4843 4845 4905 4965 5082 5136 5169 5189 5219 5260 5311 5334 5359 5409 5489 5495 5515 5564 5589 5698 5727 5750 5771 5931 5948 6067 6085 6096 6114 6164 6200 6204 6220 6243 6254 6267 6288 6292 6397 6522 6541 6572 6684 6685 6689 6692 6742 6745 6789 6868 6949 7005 7021 7024 7106 7128 7132 7177 7343 7353 7355 7462 7493 7575 7629 7658 7707 7728 7773 7779 7780 7804 7818 7879 7895 7916 7922 7942 7946 7977 7988 8000 8013 8060 8065 8075 8127 8170 8203 8205 8289 8298 8433 8470 8477 8484 8502 8579 8610 8639 8779 8800 8805 8840 8852 8863 8893 8936 8938 9081 9106 9181 9362 9389 9391 9501 9559 9582 9598 9632 9746 9778 9815 9860 9901 9914 9944 9990 10002 10039 10056 10070 10072 10160 10178 10183 10248 10274 10284 10356 10414 10472 10505 10555 10567 10599 10626 10677 10717 10732 10856 10859 10919 10944 10981 10986 10990 11007 11148 11192 11211 11282 11307 11339 11340 11343 11366 11379 11408 11413 11498 11515 11608 11710 11729 11743 11746 11839 11929 11944 11954 11957 11968 11969 11987 12029 12106 12163 12247 12372 12462 12566 12618 12643 12674 12676 12801 12847 12879 12930 12971 13011 13060 13069 13132 13133 13225 13242 13259 13270 13271 13295 13355 13356 13368 13424 13459 13476 13636 13673 13741 13742 13766 13890 13907 13984 14008 14100 14165 14290 14295 14356 14435 14456 14497 14508 14532 14534 14540 14550 14609 16645 16674 16688 16710 16722 16738 16747 16748 16790 16791 16797 16816 16824 16835 16844 16848 16851 16852 16869 16893 16900 16902 16926 16927 16928 16933 16934 16940 16943 16982 16984 16996 17005 17006 17019 17025 17026 17036 17049 17065 17070 17071 17085 17086 17090 17093 17105 17116 17122 17128 17130 17150 17151 17160 17163 17164 17168 17170 17180 17191 17192 17195 17197 17198 17221 17230 17232 17234 17256 17260 17277 17288 17289 17290 17294 17295 17299 17306 17325 17326 17334 17336 17341 17355 17356 17361 17383 17384 17389 17393 17394 17401 17404 17407 17415 17425 17444 17447 17450 17455 17466 17481 17482 17483 17493 17494 17503 17506 17521 17543 17547 17549 17570 17575 17581 17586 17587 17592 17619 17622 17628 17637 17643 17653 17657 17661 17686 17697 17708 17713 17728 17770 17789 17822 17829 17856 17866 20340 20400 20510 20532 20537 20628 20745 20769 20899 20919 20981 21002 21004 21118 21151 21159 21162 21172 21190 21280 21303 21348 21349 21350 21354 21379 21467 21470 21471 21472 21473 21474 21475 21478 21479 21483 
	}
	weather={
	}
}
