state={
	id=149
	name="STATE_149"
	history={
		owner = SOV
        add_core_of = SOV
		add_core_of = KMK
		victory_points = {9942  20} #Elista
		victory_points = {18854  15} #Yashkul
		victory_points = {7573  10} #Malye Derbety
		victory_points = {7761  5} #Obilnoe
		victory_points = {18186  5} #Salyn Tugtun
		victory_points = {18197  5} #Tsagan-Nur
		victory_points = {11049 5} #Bulmukta
		victory_points = {3941  5} #Plodovitoe
		victory_points = {1744  5} #Bolshoy Tsaryn
	}
	provinces={
		5 134 199 203 322 431 473 520 529 574 629 698 709 714 772 785 809 891 970 1065 1138 1234 1345 1611 1614 1691 1705 1744 1758 1780 1885 1895 1909 1952 2024 2114 2146 2191 2254 2299 2303 2422 2428 2536 2557 2564 2647 2727 2830 2930 3010 3055 3085 3097 3174 3215 3228 3238 3306 3309 3356 3391 3419 3498 3517 3557 3559 3590 3693 3743 3790 3883 3917 3932 3941 3966 4193 4222 4318 4393 4495 4568 4653 4748 4767 4847 5065 5071 5162 5306 5365 5445 5582 5648 5664 5666 5788 5816 5838 5978 6088 6135 6236 6330 6402 6425 6475 6648 6677 6812 6945 7006 7070 7321 7454 7547 7572 7573 7595 7596 7623 7761 7783 7798 7981 8134 8198 8217 8444 8500 8540 8694 8726 8787 8804 8905 8942 8958 8974 8975 9064 9249 9324 9437 9519 9529 9544 9661 9675 9749 9773 9791 9812 9942 9959 10273 10330 10384 10496 10514 10643 10821 10978 11049 11128 11189 11222 11230 11236 11292 11294 11368 11417 11450 11469 11483 11509 11524 11645 11705 11706 11861 11907 11911 11930 12185 12229 12255 12270 12279 12380 12476 12501 12524 12570 12639 12770 12939 12942 12954 13035 13056 13163 13310 13337 13343 13351 13371 13402 13465 13556 13818 13921 13930 14012 14072 14087 14153 14315 14408 14460 14463 14578 14610 14663 14684 17867 17899 17953 17954 17980 17983 18020 18024 18037 18043 18053 18081 18093 18114 18118 18121 18135 18136 18165 18172 18186 18197 18212 18236 18237 18245 18248 18255 18304 18314 18343 18362 18399 18405 18414 18434 18441 18451 18463 18477 18491 18512 18525 18545 18581 18584 18585 18586 18614 18636 18649 18679 18685 18705 18727 18728 18737 18755 18764 18777 18795 18797 18814 18831 18832 18835 18850 18854 18861 18864 18865 18866 18893 18896 18904 18920 18925 18929 18945 18959 18991 18995 19021 19023 19036 19055 19064 19069 19094 19109 19119 19131 19134 19137 19141 19146 19177 19228 21817 21818 21834 
	}
	manpower=264210
	buildings_max_level_factor=1.000
	state_category = town
}
