state={
	id=66
	name="STATE_66"
	history={
		owner = SOV
		buildings = {
			air_base = 4
			infrastructure = 4
			industrial_complex = 1
			arms_factory = 3
		}
		
        victory_points = { 14194 30 }	#Belgorod
        victory_points = { 4779 15 }	#Shebekino
        victory_points = { 1465 15 }	#Stary Oskol
        victory_points = { 4624 15 }	#Alexeyvka
        victory_points = { 13058 15 }	#Valuyki
		victory_points = {17047 5} #Boriszovka
		victory_points = {11638 5} #Grajvoron
		victory_points = {14157 5} #Korocsa
		victory_points = {10704 5} #Csernyanka
		victory_points = {3194 5} #Volokonovka
		victory_points = {8135 5} #Rovenyki

	}
	provinces={
		38 149 360 639 783 939 1054 1062 1063 1187 1306 1465 1542 1739 1865 2241 2264 2960 3194 3460 3678 3817 3953 3976 4068 4075 4158 4295 4502 4624 4634 4670 4779 4805 5037 5222 5239 5244 5285 5316 5327 5388 5735 5768 5769 5772 5774 5822 5929 6006 6139 6190 6823 6853 6926 7049 7072 7116 7130 7209 7487 7524 7665 7884 7905 8007 8059 8135 8147 8189 8297 8313 8315 8545 8578 8690 8839 8853 8952 8988 9007 9072 9083 9131 9270 9424 9521 9617 9622 9707 9719 9739 9865 10022 10106 10246 10571 10590 10613 10704 10901 11014 11384 11465 11504 11558 11580 11606 11622 11638 11736 11754 11766 11847 11956 12192 12210 12352 12613 12664 12701 12890 12941 13015 13058 13067 13164 13209 13276 13292 13298 13353 13373 13488 13501 13596 13944 13949 13970 14146 14157 14194 14259 14376 14414 14422 16673 16693 16717 16734 16737 16754 16762 16769 16784 16800 16808 16827 16836 16846 16876 16888 16891 16896 16897 16905 16906 16918 16919 16931 16935 16936 16946 16960 16965 16983 16987 17001 17002 17023 17028 17030 17039 17046 17047 17050 17055 17056 17059 17080 17082 17083 17098 17108 17117 17118 17132 17145 17161 17199 17208 17210 17229 17236 17268 
	}
	manpower=1514695
	buildings_max_level_factor=1.000
	state_category = town
}
